0
0
-0.3054020195e+00
-0.1960294041e+00
-0.1336652689e+00
-0.1047066267e+00
-0.9033564429e-01
-0.8206984804e-01
-0.7655494644e-01
-0.7243844815e-01
-0.6913401466e-01
-0.6635869819e-01
-0.6395689877e-01
-0.6183296641e-01
-0.5992172201e-01
-0.5817772516e-01
-0.5656704205e-01
-0.5506474110e-01
-0.5365205058e-01
-0.5231479422e-01
-0.5104204279e-01
-0.4982562670e-01
-0.4865919131e-01
-0.4753764652e-01
-0.4645728556e-01
-0.4541483359e-01
-0.4440818528e-01
-0.4343487603e-01
-0.4249347823e-01
-0.4158232061e-01
-0.4070034557e-01
-0.3984645832e-01
-0.3901937759e-01
-0.3821827509e-01
-0.3744217649e-01
-0.3669034206e-01
-0.3596186474e-01
-0.3525594412e-01
-0.3457187576e-01
-0.3390882631e-01
-0.3326609909e-01
-0.3264299923e-01
-0.3203883174e-01
-0.3145293280e-01
-0.3088463896e-01
-0.3033334191e-01
-0.2979842108e-01
-0.2927929373e-01
-0.2877539004e-01
-0.2828615868e-01
-0.2781108192e-01
-0.2734963353e-01
-0.2690133637e-01
-0.2646570945e-01
-0.2604229418e-01
-0.2563066630e-01
-0.2523039452e-01
-0.2484107774e-01
-0.2446233127e-01
-0.2409377795e-01
-0.2373506405e-01
-0.2338584530e-01
-0.2304579309e-01
-0.2271459030e-01
-0.2239193633e-01
-0.2207753919e-01
-0.2177111937e-01
-0.2147240908e-01
-0.2118115170e-01
-0.2089710139e-01
-0.2062002059e-01
-0.2034968220e-01
-0.2008586807e-01
-0.1982836895e-01
-0.1957698319e-01
-0.1933151728e-01
-0.1909178544e-01
-0.1885760922e-01
-0.1862881706e-01
-0.1840524275e-01
-0.1818672781e-01
-0.1797312161e-01
-0.1776427277e-01
-0.1756004164e-01
-0.1736029175e-01
-0.1716489163e-01
-0.1697371498e-01
-0.1678663942e-01
-0.1660354744e-01
-0.1642432560e-01
-0.1624886478e-01
-0.1607705911e-01
-0.1590880688e-01
-0.1574400976e-01
-0.1558257306e-01
-0.1542440486e-01
-0.1526941673e-01
-0.1511752309e-01
-0.1496864146e-01
-0.1482269168e-01
-0.1467959656e-01
-0.1453928135e-01
-0.1440167387e-01
-0.1426670401e-01
-0.1413430411e-01
-0.1400440861e-01
-0.1387695416e-01
-0.1375187918e-01
-0.1362912416e-01
-0.1350863142e-01
-0.1339034516e-01
-0.1327421107e-01
-0.1316017669e-01
-0.1304819106e-01
-0.1293820488e-01
-0.1283017014e-01
-0.1272404038e-01
-0.1261977050e-01
-0.1251731678e-01
-0.1241663664e-01
-0.1231768886e-01
-0.1222043336e-01
-0.1212483127e-01
-0.1203084476e-01
-0.1193843710e-01
-0.1184757260e-01
-0.1175821983e-01
-0.1167033892e-01
-0.1158389997e-01
-0.1149887118e-01
-0.1141522155e-01
-0.1133292103e-01
-0.1125194019e-01
-0.1117225053e-01
-0.1109382428e-01
-0.1101663454e-01
-0.1094065488e-01
-0.1086585976e-01
-0.1079222424e-01
-0.1071972412e-01
-0.1064833570e-01
-0.1057803597e-01
-0.1050880250e-01
-0.1044061352e-01
-0.1037344765e-01
-0.1030728418e-01
-0.1024210288e-01
-0.1017788410e-01
-0.1011460854e-01
-0.1005225749e-01
-0.9990812687e-02
-0.9930256346e-02
-0.9870571027e-02
-0.9811739803e-02
-0.9753746115e-02
-0.9696573861e-02
-0.9640207245e-02
-0.9584630905e-02
-0.9529829829e-02
-0.9475790189e-02
-0.9422496073e-02
-0.9369934305e-02
-0.9318091242e-02
-0.9266953580e-02
-0.9216508278e-02
-0.9166742633e-02
-0.9117644217e-02
-0.9069200890e-02
-0.9021400853e-02
-0.8974232435e-02
-0.8927684326e-02
-0.8881745447e-02
-0.8836405029e-02
-0.8791653407e-02
-0.8747481667e-02
-0.8703874181e-02
-0.8660824198e-02
-0.8618321971e-02
-0.8576358051e-02
-0.8534923154e-02
-0.8494008256e-02
-0.8453604422e-02
-0.8413702992e-02
-0.8374295452e-02
-0.8335373508e-02
-0.8296928978e-02
-0.8258953895e-02
-0.8221440446e-02
-0.8184381010e-02
-0.8147768058e-02
-0.8111594272e-02
-0.8075852456e-02
-0.8040535598e-02
-0.8005636771e-02
-0.7971149225e-02
-0.7937066335e-02
-0.7903381636e-02
-0.7870088750e-02
-0.7837181442e-02
-0.7804653597e-02
-0.7772499254e-02
-0.7740712516e-02
-0.7709287634e-02
-0.7678218959e-02
-0.7647500968e-02
-0.7617128214e-02
-0.7587095379e-02
-0.7557397242e-02
-0.7528028665e-02
-0.7498984668e-02
-0.7470260263e-02
-0.7441850636e-02
-0.7413751027e-02
-0.7385956807e-02
-0.7358463369e-02
-0.7331266234e-02
-0.7304360991e-02
-0.7277743343e-02
-0.7251409005e-02
-0.7225353835e-02
-0.7199573711e-02
-0.7174064656e-02
-0.7148822685e-02
-0.7123843938e-02
-0.7099129566e-02
-0.7074666551e-02
-0.7050455306e-02
-0.7026492490e-02
-0.7002774540e-02
-0.6979298005e-02
-0.6956059431e-02
-0.6933055469e-02
-0.6910282814e-02
-0.6887738228e-02
-0.6865418504e-02
-0.6843320529e-02
-0.6821441187e-02
-0.6799777491e-02
-0.6778326425e-02
-0.6757085071e-02
-0.6736050549e-02
-0.6715220049e-02
-0.6694590762e-02
-0.6674159952e-02
-0.6653925199e-02
-0.6633883871e-02
-0.6614032563e-02
-0.6594369232e-02
-0.6574891356e-02
-0.6555596461e-02
-0.6536482218e-02
-0.6517546015e-02
-0.6498785614e-02
-0.6480198683e-02
-0.6461782835e-02
-0.6443535971e-02
-0.6425455846e-02
-0.6407540263e-02
-0.6389786969e-02
-0.6372194033e-02
-0.6354759310e-02
-0.6337480778e-02
-0.6320356275e-02
-0.6303384010e-02
-0.6286561980e-02
-0.6269888285e-02
-0.6253360871e-02
-0.6236978078e-02
-0.6220737994e-02
-0.6204638851e-02
-0.6188678733e-02
-0.6172856062e-02
-0.6157169047e-02
-0.6141616004e-02
-0.6126195168e-02
-0.6110905001e-02
-0.6095743854e-02
-0.6080714363e-02
-0.6065808661e-02
-0.6051025499e-02
-0.6036365150e-02
-0.6021826113e-02
-0.6007406839e-02
-0.5993105878e-02
-0.5978921847e-02
-0.5964853301e-02
-0.5950898825e-02
-0.5937057006e-02
-0.5923326579e-02
-0.5909706151e-02
-0.5896194416e-02
-0.5882789995e-02
-0.5869491718e-02
-0.5856298304e-02
-0.5843208448e-02
-0.5830220904e-02
-0.5817334546e-02
-0.5804548161e-02
-0.5791860577e-02
-0.5779270522e-02
-0.5766776986e-02
-0.5754378816e-02
-0.5742074899e-02
-0.5729864025e-02
-0.5717745257e-02
-0.5705717481e-02
-0.5693779662e-02
-0.5681930652e-02
-0.5670169557e-02
-0.5658495321e-02
-0.5646906981e-02
-0.5635403426e-02
-0.5623983856e-02
-0.5612647214e-02
-0.5601392619e-02
-0.5590219039e-02
-0.5579125640e-02
-0.5568111507e-02
-0.5557175755e-02
-0.5546317422e-02
-0.5535535712e-02
-0.5524829768e-02
-0.5514198739e-02
-0.5503641734e-02
-0.5493157962e-02
-0.5482746632e-02
-0.5472406939e-02
-0.5462138054e-02
-0.5451939170e-02
-0.5441809594e-02
-0.5431748532e-02
-0.5421755212e-02
-0.5411828857e-02
-0.5401975569e-02
-0.5392181719e-02
-0.5382453176e-02
-0.5372788210e-02
-0.5363186748e-02
-0.5353648059e-02
-0.5344171504e-02
-0.5334756310e-02
-0.5325401926e-02
-0.5316107680e-02
-0.5306872920e-02
-0.5297696936e-02
-0.5288579215e-02
-0.5279519432e-02
-0.5270516389e-02
-0.5261569543e-02
-0.5252678535e-02
-0.5243842709e-02
-0.5235061516e-02
-0.5226334273e-02
-0.5217660524e-02
-0.5209039665e-02
-0.5200471169e-02
-0.5191954431e-02
-0.5183488963e-02
-0.5175074221e-02
-0.5166709698e-02
-0.5158394787e-02
-0.5150129056e-02
-0.5141911977e-02
-0.5133743148e-02
-0.5125621837e-02
-0.5117547698e-02
-0.5109520206e-02
-0.5101538932e-02
-0.5093603358e-02
-0.5085713032e-02
-0.5077867507e-02
-0.5070066320e-02
-0.5062309014e-02
-0.5054595077e-02
-0.5046924184e-02
-0.5039295844e-02
-0.5031709627e-02
-0.5024165063e-02
-0.5016661793e-02
-0.5009199414e-02
-0.5001777482e-02
-0.4994395567e-02
-0.4987053274e-02
-0.4979750283e-02
-0.4972486128e-02
-0.4965268840e-02
-0.4958081936e-02
-0.4950932817e-02
-0.4943821092e-02
-0.4936746301e-02
-0.4929708210e-02
-0.4922706445e-02
-0.4915740611e-02
-0.4908810284e-02
-0.4901915260e-02
-0.4895055124e-02
-0.4888229556e-02
-0.4881438160e-02
-0.4874680679e-02
-0.4867956758e-02
-0.4861266098e-02
-0.4854608317e-02
-0.4847983151e-02
-0.4841390266e-02
-0.4834829391e-02
-0.4828300135e-02
-0.4821802243e-02
-0.4815335427e-02
-0.4808899393e-02
-0.4802493803e-02
-0.4796118410e-02
-0.4789772949e-02
-0.4783457104e-02
-0.4777170573e-02
-0.4770913098e-02
-0.4764684685e-02
-0.4758484990e-02
-0.4752313124e-02
-0.4746169197e-02
-0.4740053059e-02
-0.4733964341e-02
-0.4727902849e-02
-0.4721868283e-02
-0.4715860425e-02
-0.4709879012e-02
-0.4703923846e-02
-0.4697994583e-02
-0.4692091066e-02
-0.4686213045e-02
-0.4680360271e-02
-0.4674532484e-02
-0.4668729492e-02
-0.4662951085e-02
-0.4657196996e-02
-0.4651467004e-02
-0.4645760890e-02
-0.4640080410e-02
-0.4634428369e-02
-0.4628793378e-02
-0.4623181470e-02
-0.4617592432e-02
-0.4612026079e-02
-0.4606482171e-02
-0.4600960531e-02
-0.4595460979e-02
-0.4589983282e-02
-0.4584527233e-02
-0.4579092710e-02
-0.4573679458e-02
-0.4568287340e-02
-0.4562916080e-02
-0.4557565629e-02
-0.4552235678e-02
-0.4546926139e-02
-0.4541636751e-02
-0.4536367408e-02
-0.4531117888e-02
-0.4525888082e-02
-0.4520677720e-02
-0.4515486721e-02
-0.4510314872e-02
-0.4505162010e-02
-0.4500027980e-02
-0.4494912622e-02
-0.4489815761e-02
-0.4484737267e-02
-0.4479676977e-02
-0.4474634684e-02
-0.4469610304e-02
-0.4464603661e-02
-0.4459614543e-02
-0.4454642899e-02
-0.4449688484e-02
-0.4444751266e-02
-0.4439830996e-02
-0.4434927562e-02
-0.4430040859e-02
-0.4425170710e-02
-0.4420316957e-02
-0.4415479491e-02
-0.4410658186e-02
-0.4405852880e-02
-0.4401063430e-02
-0.4396289728e-02
-0.4391531676e-02
-0.4386789086e-02
-0.4382061813e-02
-0.4377349779e-02
-0.4372652829e-02
-0.4367973960e-02
-0.4363312569e-02
-0.4358660920e-02
-0.4354023941e-02
-0.4349402011e-02
-0.4344794018e-02
-0.4340200286e-02
-0.4335620759e-02
-0.4331055332e-02
-0.4326503816e-02
-0.4321966182e-02
-0.4317442332e-02
-0.4312932067e-02
-0.4308435312e-02
-0.4303951987e-02
-0.4299481991e-02
-0.4295025176e-02
-0.4290581476e-02
-0.4286150784e-02
-0.4281732974e-02
-0.4277328005e-02
-0.4272935697e-02
-0.4268555976e-02
-0.4264188766e-02
-0.4259833966e-02
-0.4255491492e-02
-0.4251161154e-02
-0.4246842949e-02
-0.4242536837e-02
-0.4238242629e-02
-0.4233960267e-02
-0.4229689632e-02
-0.4225430669e-02
-0.4221183310e-02
-0.4216947377e-02
-0.4212722872e-02
-0.4208509690e-02
-0.4204307736e-02
-0.4200116898e-02
-0.4195937125e-02
-0.4191768337e-02
-0.4187610437e-02
-0.4183463316e-02
-0.4179326948e-02
-0.4175201222e-02
-0.4171086099e-02
-0.4166981404e-02
-0.4162887134e-02
-0.4158803202e-02
-0.4154729536e-02
-0.4150666091e-02
-0.4146612671e-02
-0.4142569363e-02
-0.4138535935e-02
-0.4134515728e-02
-0.4130507039e-02
-0.4126503797e-02
-0.4122510270e-02
-0.4118526386e-02
-0.4114552039e-02
-0.4110587257e-02
-0.4106631920e-02
-0.4102685926e-02
-0.4098749247e-02
-0.4094821847e-02
-0.4090903630e-02
-0.4086994545e-02
-0.4083094472e-02
-0.4079203396e-02
-0.4075321316e-02
-0.4071448028e-02
-0.4067583587e-02
-0.4063727921e-02
-0.4059880939e-02
-0.4056042583e-02
-0.4052212762e-02
-0.4048391527e-02
-0.4044578730e-02
-0.4040774354e-02
-0.4036978296e-02
-0.4033190534e-02
-0.4029410975e-02
-0.4025639600e-02
-0.4021876379e-02
-0.4018121658e-02
-0.4014374533e-02
-0.4010635431e-02
-0.4006904167e-02
-0.4003180813e-02
-0.3999465257e-02
-0.3995757506e-02
-0.3992057412e-02
-0.3988364979e-02
-0.3984680200e-02
-0.3981002957e-02
-0.3977333187e-02
-0.3973670940e-02
-0.3970016087e-02
-0.3966368605e-02
-0.3962728432e-02
-0.3959095565e-02
-0.3955469896e-02
-0.3951851444e-02
-0.3948240106e-02
-0.3944635840e-02
-0.3941038624e-02
-0.3937448450e-02
-0.3933865180e-02
-0.3930288852e-02
-0.3926725182e-02
-0.3923164225e-02
-0.3919609022e-02
-0.3916060603e-02
-0.3912518941e-02
-0.3908984017e-02
-0.3905455707e-02
-0.3901934071e-02
-0.3898419000e-02
-0.3894910446e-02
-0.3891408443e-02
-0.3887912933e-02
-0.3884423810e-02
-0.3880941150e-02
-0.3877464789e-02
-0.3873994730e-02
-0.3870530985e-02
-0.3867073514e-02
-0.3863622258e-02
-0.3860177173e-02
-0.3856738235e-02
-0.3853305441e-02
-0.3849878697e-02
-0.3846458016e-02
-0.3843043331e-02
-0.3839634656e-02
-0.3836231919e-02
-0.3832835028e-02
-0.3829444026e-02
-0.3826058954e-02
-0.3822679633e-02
-0.3819306152e-02
-0.3815938396e-02
-0.3812576353e-02
-0.3809220046e-02
-0.3805869353e-02
-0.3802524327e-02
-0.3799184885e-02
-0.3795851005e-02
-0.3792522658e-02
-0.3789199831e-02
-0.3785882531e-02
-0.3782570655e-02
-0.3779264191e-02
-0.3775963147e-02
-0.3772667476e-02
-0.3769377113e-02
-0.3766092076e-02
-0.3762812304e-02
-0.3759537833e-02
-0.3756268585e-02
-0.3753004510e-02
-0.3749745613e-02
-0.3746491901e-02
-0.3743243283e-02
-0.3740005626e-02
-0.3736767845e-02
-0.3733535132e-02
-0.3730307327e-02
-0.3727084607e-02
-0.3723866873e-02
-0.3720654107e-02
-0.3717446303e-02
-0.3714243463e-02
-0.3711045523e-02
-0.3707852455e-02
-0.3704664303e-02
-0.3701480968e-02
-0.3698302457e-02
-0.3695128771e-02
-0.3691959874e-02
-0.3688795678e-02
-0.3685636275e-02
-0.3682481602e-02
-0.3679331555e-02
-0.3676186270e-02
-0.3673045561e-02
-0.3669909551e-02
-0.3666778150e-02
-0.3663651302e-02
-0.3660529071e-02
-0.3657411389e-02
-0.3654298215e-02
-0.3651189465e-02
-0.3648085315e-02
-0.3644985621e-02
-0.3641890453e-02
-0.3638799641e-02
-0.3635713278e-02
-0.3632631311e-02
-0.3629553745e-02
-0.3626480539e-02
-0.3623411645e-02
-0.3620347077e-02
-0.3617286859e-02
-0.3614230904e-02
-0.3611179235e-02
-0.3608131812e-02
-0.3605088635e-02
-0.3602049657e-02
-0.3599014895e-02
-0.3595984357e-02
-0.3592957941e-02
-0.3589935718e-02
-0.3586917596e-02
-0.3583903622e-02
-0.3580893698e-02
-0.3577887909e-02
-0.3574886158e-02
-0.3571888466e-02
-0.3568899450e-02
-0.3565910323e-02
-0.3562925154e-02
-0.3559943972e-02
-0.3556966859e-02
-0.3553993656e-02
-0.3551024466e-02
-0.3548059237e-02
-0.3545097968e-02
-0.3542140587e-02
-0.3539187147e-02
-0.3536237614e-02
-0.3533291992e-02
-0.3530350229e-02
-0.3527412335e-02
-0.3524478279e-02
-0.3521548076e-02
-0.3518621713e-02
-0.3515699144e-02
-0.3512780363e-02
-0.3509865386e-02
-0.3506954146e-02
-0.3504046711e-02
-0.3501142980e-02
-0.3498243029e-02
-0.3495346825e-02
-0.3492454277e-02
-0.3489565504e-02
-0.3486680283e-02
-0.3483798748e-02
-0.3480921125e-02
-0.3478046974e-02
-0.3475176495e-02
-0.3472309608e-02
-0.3469446344e-02
-0.3466586679e-02
-0.3463730607e-02
-0.3460878143e-02
-0.3458029208e-02
-0.3455183869e-02
-0.3452342050e-02
-0.3449503792e-02
-0.3446669019e-02
-0.3443837835e-02
-0.3441010114e-02
-0.3438185843e-02
-0.3435365132e-02
-0.3432547840e-02
-0.3429734036e-02
-0.3426923672e-02
-0.3424116757e-02
-0.3421313262e-02
-0.3418513177e-02
-0.3415716524e-02
-0.3412923273e-02
-0.3410136336e-02
-0.3407350916e-02
-0.3404568130e-02
-0.3401788745e-02
-0.3399012718e-02
-0.3396240047e-02
-0.3393470771e-02
-0.3390704781e-02
-0.3387942162e-02
-0.3385182859e-02
-0.3382426879e-02
-0.3379674202e-02
-0.3376924820e-02
-0.3374178738e-02
-0.3371435939e-02
-0.3368696456e-02
-0.3365960182e-02
-0.3363227225e-02
-0.3360497473e-02
-0.3357770991e-02
-0.3355047725e-02
-0.3352327686e-02
-0.3349610914e-02
-0.3346897303e-02
-0.3344186906e-02
-0.3341479724e-02
-0.3338775700e-02
-0.3336074863e-02
-0.3333377225e-02
-0.3330682695e-02
-0.3327991302e-02
-0.3325303130e-02
-0.3322618041e-02
-0.3319936145e-02
-0.3317257379e-02
-0.3314581695e-02
-0.3311909149e-02
-0.3309239696e-02
-0.3306573350e-02
-0.3303910077e-02
-0.3301249895e-02
-0.3298592786e-02
-0.3295938770e-02
-0.3293287792e-02
-0.3290639881e-02
-0.3287994967e-02
-0.3285353159e-02
-0.3282714334e-02
-0.3280078559e-02
-0.3277445795e-02
-0.3274816076e-02
-0.3272189346e-02
-0.3269565604e-02
-0.3266944867e-02
-0.3264327100e-02
-0.3261713686e-02
-0.3259103619e-02
-0.3256495012e-02
-0.3253889400e-02
-0.3251286777e-02
-0.3248687255e-02
-0.3246090539e-02
-0.3243496801e-02
-0.3240905999e-02
-0.3238318138e-02
-0.3235733197e-02
-0.3233151191e-02
-0.3230572128e-02
-0.3227995977e-02
-0.3225422751e-02
-0.3222852394e-02
-0.3220284979e-02
-0.3217720406e-02
-0.3215158781e-02
-0.3212600066e-02
-0.3210044148e-02
-0.3207491153e-02
-0.3204940999e-02
-0.3202393742e-02
-0.3199849338e-02
-0.3197307775e-02
-0.3194769052e-02
-0.3192233205e-02
-0.3189700191e-02
-0.3187169971e-02
-0.3184642524e-02
-0.3182117988e-02
-0.3179596231e-02
-0.3177077300e-02
-0.3174561186e-02
-0.3172047887e-02
-0.3169537359e-02
-0.3167029632e-02
-0.3164524709e-02
-0.3162022553e-02
-0.3159523159e-02
-0.3157026583e-02
-0.3154532729e-02
-0.3152041656e-02
-0.3149553327e-02
-0.3147067778e-02
-0.3144584964e-02
-0.3142104892e-02
-0.3139627563e-02
-0.3137152962e-02
-0.3134681067e-02
-0.3132211915e-02
-0.3129745502e-02
-0.3127281759e-02
-0.3124820761e-02
-0.3122362718e-02
-0.3119909222e-02
-0.3117456503e-02
-0.3115006490e-02
-0.3112559221e-02
-0.3110114595e-02
-0.3107672711e-02
-0.3105233507e-02
-0.3102796921e-02
-0.3100363082e-02
-0.3097931893e-02
-0.3095503371e-02
-0.3093077570e-02
-0.3090654347e-02
-0.3088233816e-02
-0.3085815991e-02
-0.3083400748e-02
-0.3080988196e-02
-0.3078578271e-02
-0.3076170985e-02
-0.3073766340e-02
-0.3071364353e-02
-0.3068964958e-02
-0.3066568203e-02
-0.3064174074e-02
-0.3061782549e-02
-0.3059393659e-02
-0.3057007375e-02
-0.3054623711e-02
-0.3052242585e-02
-0.3049864141e-02
-0.3047488140e-02
-0.3045114846e-02
-0.3042744119e-02
-0.3040375970e-02
-0.3038010418e-02
-0.3035647475e-02
-0.3033287098e-02
-0.3030929263e-02
-0.3028574024e-02
-0.3026221302e-02
-0.3023871162e-02
-0.3021523546e-02
-0.3019178525e-02
-0.3016836027e-02
-0.3014496035e-02
-0.3012158656e-02
-0.3009823741e-02
-0.3007491429e-02
-0.3005161605e-02
-0.3002834314e-02
-0.3000509569e-02
-0.2998187291e-02
-0.2995867561e-02
-0.2993550344e-02
-0.2991235634e-02
-0.2988925225e-02
-0.2986615660e-02
-0.2984308615e-02
-0.2982004089e-02
-0.2979702045e-02
-0.2977402494e-02
-0.2975105470e-02
-0.2972810888e-02
-0.2970518821e-02
-0.2968229240e-02
-0.2965942158e-02
-0.2963657551e-02
-0.2961375403e-02
-0.2959095731e-02
-0.2956818525e-02
-0.2954543818e-02
-0.2952271541e-02
-0.2950001748e-02
-0.2947734412e-02
-0.2945469512e-02
-0.2943207084e-02
-0.2940947077e-02
-0.2938689563e-02
-0.2936434487e-02
-0.2934181799e-02
-0.2931931606e-02
-0.2929683842e-02
-0.2927438481e-02
-0.2925195572e-02
-0.2922955070e-02
-0.2920716941e-02
-0.2918481269e-02
-0.2916248012e-02
-0.2914017179e-02
-0.2911788782e-02
-0.2909562774e-02
-0.2907339192e-02
-0.2905117982e-02
-0.2902899173e-02
-0.2900682799e-02
-0.2898468796e-02
-0.2896257166e-02
-0.2894047930e-02
-0.2891841138e-02
-0.2889636618e-02
-0.2887434580e-02
-0.2885234873e-02
-0.2883037537e-02
-0.2880842566e-02
-0.2878649974e-02
-0.2876459766e-02
-0.2874271894e-02
-0.2872086376e-02
-0.2869903273e-02
-0.2867722443e-02
-0.2865545315e-02
-0.2863369328e-02
-0.2861195689e-02
-0.2859024433e-02
-0.2856855469e-02
-0.2854688909e-02
-0.2852524645e-02
-0.2850362774e-02
-0.2848203196e-02
-0.2846045956e-02
-0.2843891068e-02
-0.2841738481e-02
-0.2839588248e-02
-0.2837440365e-02
-0.2835294724e-02
-0.2833151463e-02
-0.2831010498e-02
-0.2828871870e-02
-0.2826735533e-02
-0.2824601509e-02
-0.2822469774e-02
-0.2820340370e-02
-0.2818213253e-02
-0.2816088447e-02
-0.2813965924e-02
-0.2811845711e-02
-0.2809727762e-02
-0.2807612130e-02
-0.2805498780e-02
-0.2803387663e-02
-0.2801278909e-02
-0.2799172307e-02
-0.2797068067e-02
-0.2794966114e-02
-0.2792866401e-02
-0.2790768970e-02
-0.2788673820e-02
-0.2786580911e-02
-0.2784490270e-02
-0.2782401919e-02
-0.2780315803e-02
